================
Sample Solutions
================

-------
Board A
-------

+----+----+----+----+----+----+----+----+----+----+----+----+----+----+----+----+
| 12 |  2 |  5 |  7 |  4 | 11 |  9 | 16 |  6 | 15 | 10 |  1 | 13 |  3 |  8 | 14 |
+----+----+----+----+----+----+----+----+----+----+----+----+----+----+----+----+
| 15 |  4 | 10 |  9 | 12 |  8 |  2 | 13 | 14 |  5 |  3 | 11 | 16 |  1 |  7 |  6 |
+----+----+----+----+----+----+----+----+----+----+----+----+----+----+----+----+
|  1 | 11 | 16 | 13 |  6 | 14 |  7 |  3 |  4 |  9 |  8 |  2 | 12 |  5 | 15 | 10 |
+----+----+----+----+----+----+----+----+----+----+----+----+----+----+----+----+
| 14 |  8 |  6 |  3 |  5 | 15 |  1 | 10 | 12 |  7 | 16 | 13 | 11 |  9 |  4 |  2 |
+----+----+----+----+----+----+----+----+----+----+----+----+----+----+----+----+
| 10 |  7 | 15 |  2 |  8 | 12 |  4 |  9 |  1 |  6 | 11 |  5 | 14 | 13 |  3 | 16 |
+----+----+----+----+----+----+----+----+----+----+----+----+----+----+----+----+
|  3 |  5 |  9 |  1 | 11 | 13 | 15 |  7 |  2 |  4 | 14 | 16 |  8 | 10 |  6 | 12 |
+----+----+----+----+----+----+----+----+----+----+----+----+----+----+----+----+
| 13 | 16 | 11 | 14 |  2 |  1 |  3 |  6 |  8 | 12 | 15 | 10 |  7 |  4 |  5 |  9 |
+----+----+----+----+----+----+----+----+----+----+----+----+----+----+----+----+
|  6 | 12 |  8 |  4 | 10 | 16 |  5 | 14 |  7 | 13 |  9 |  3 | 15 |  2 | 11 |  1 |
+----+----+----+----+----+----+----+----+----+----+----+----+----+----+----+----+
|  2 | 15 |  1 | 16 |  3 |  7 | 12 |  4 |  5 | 11 |  6 |  9 | 10 | 14 | 13 |  8 |
+----+----+----+----+----+----+----+----+----+----+----+----+----+----+----+----+
|  7 |  6 | 13 |  8 |  9 |  2 | 11 |  5 | 10 | 14 |  1 | 12 |  4 | 15 | 16 |  3 |
+----+----+----+----+----+----+----+----+----+----+----+----+----+----+----+----+
|  4 |  9 |  3 |  5 | 15 | 10 | 14 |  8 | 16 |  2 | 13 |  7 |  6 | 12 |  1 | 11 |
+----+----+----+----+----+----+----+----+----+----+----+----+----+----+----+----+
| 11 | 14 | 12 | 10 | 16 |  6 | 13 |  1 |  3 |  8 |  4 | 15 |  9 |  7 |  2 |  5 |
+----+----+----+----+----+----+----+----+----+----+----+----+----+----+----+----+
|  9 |  1 |  2 | 15 |  7 |  4 | 10 | 12 | 11 | 16 |  5 |  6 |  3 |  8 | 14 | 13 |
+----+----+----+----+----+----+----+----+----+----+----+----+----+----+----+----+
|  8 |  3 |  7 | 11 | 14 |  9 |  6 |  2 | 13 |  1 | 12 |  4 |  5 | 16 | 10 | 15 |
+----+----+----+----+----+----+----+----+----+----+----+----+----+----+----+----+
| 16 | 10 |  4 | 12 | 13 |  5 |  8 | 11 | 15 |  3 |  2 | 14 |  1 |  6 |  9 |  7 |
+----+----+----+----+----+----+----+----+----+----+----+----+----+----+----+----+
|  5 | 13 | 14 |  6 |  1 |  3 | 16 | 15 |  9 | 10 |  7 |  8 |  2 | 11 | 12 |  4 |
+----+----+----+----+----+----+----+----+----+----+----+----+----+----+----+----+

-------
Board B
-------

+----+----+----+----+----+----+----+----+----+----+----+----+----+----+----+----+
| 14 |  3 |  2 |  5 |  4 | 11 |  7 |  9 | 13 | 16 | 12 |  8 |  1 | 10 | 15 |  6 |
+----+----+----+----+----+----+----+----+----+----+----+----+----+----+----+----+
| 11 |  9 |  4 | 13 | 10 |  1 |  8 | 16 |  6 |  2 | 15 |  5 |  7 |  3 | 14 | 12 |
+----+----+----+----+----+----+----+----+----+----+----+----+----+----+----+----+
|  7 |  6 | 15 | 12 |  3 |  2 |  5 | 13 | 14 | 10 |  4 |  1 | 11 |  9 |  8 | 16 |
+----+----+----+----+----+----+----+----+----+----+----+----+----+----+----+----+
|  1 | 16 | 10 |  8 | 14 |  6 | 15 | 12 |  7 |  3 | 11 |  9 |  2 |  5 |  4 | 13 |
+----+----+----+----+----+----+----+----+----+----+----+----+----+----+----+----+
| 12 |  8 | 14 |  2 | 11 |  7 |  9 |  3 | 16 | 15 |  6 |  4 | 10 | 13 |  1 |  5 |
+----+----+----+----+----+----+----+----+----+----+----+----+----+----+----+----+
| 10 | 13 |  9 |  7 |  1 | 15 |  6 |  2 |  5 |  8 |  3 | 12 | 16 | 14 | 11 |  4 |
+----+----+----+----+----+----+----+----+----+----+----+----+----+----+----+----+
|  4 | 11 | 16 |  3 | 12 | 10 | 14 |  5 |  2 |  9 |  1 | 13 | 15 |  8 |  6 |  7 |
+----+----+----+----+----+----+----+----+----+----+----+----+----+----+----+----+
|  5 |  1 |  6 | 15 | 16 |  8 | 13 |  4 | 10 |  7 | 14 | 11 | 12 |  2 |  9 |  3 |
+----+----+----+----+----+----+----+----+----+----+----+----+----+----+----+----+
|  2 | 14 | 13 | 16 |  6 |  4 | 10 |  8 |  9 | 12 |  7 | 15 |  3 | 11 |  5 |  1 |
+----+----+----+----+----+----+----+----+----+----+----+----+----+----+----+----+
|  3 |  7 | 11 |  6 |  5 | 16 | 12 | 15 |  1 | 13 |  8 | 10 |  9 |  4 |  2 | 14 |
+----+----+----+----+----+----+----+----+----+----+----+----+----+----+----+----+
| 15 |  5 | 12 |  4 |  2 |  9 | 11 |  1 |  3 |  6 | 16 | 14 |  8 |  7 | 13 | 10 |
+----+----+----+----+----+----+----+----+----+----+----+----+----+----+----+----+
|  9 | 10 |  8 |  1 |  7 | 13 |  3 | 14 | 11 |  4 |  5 |  2 |  6 | 16 | 12 | 15 |
+----+----+----+----+----+----+----+----+----+----+----+----+----+----+----+----+
|  8 |  4 |  7 | 11 |  9 |  3 |  1 | 10 | 12 | 14 | 13 |  6 |  5 | 15 | 16 |  2 |
+----+----+----+----+----+----+----+----+----+----+----+----+----+----+----+----+
| 16 | 12 |  1 | 14 |  8 |  5 |  4 |  7 | 15 | 11 |  2 |  3 | 13 |  6 | 10 |  9 |
+----+----+----+----+----+----+----+----+----+----+----+----+----+----+----+----+
| 13 |  2 |  5 | 10 | 15 | 14 | 16 |  6 |  8 |  1 |  9 |  7 |  4 | 12 |  3 | 11 |
+----+----+----+----+----+----+----+----+----+----+----+----+----+----+----+----+
|  6 | 15 |  3 |  9 | 13 | 12 |  2 | 11 |  4 |  5 | 10 | 16 | 14 |  1 |  7 |  8 |
+----+----+----+----+----+----+----+----+----+----+----+----+----+----+----+----+

-------
Board C
-------

+----+----+----+----+----+----+----+----+----+----+----+----+----+----+----+----+
|  6 |  7 |  9 |  1 | 16 |  3 |  4 |  8 | 12 | 11 |  5 | 14 | 13 | 10 |  2 | 15 |
+----+----+----+----+----+----+----+----+----+----+----+----+----+----+----+----+
|  8 |  4 | 15 | 13 | 14 | 12 |  2 | 10 |  9 |  3 |  6 | 16 |  7 |  5 |  1 | 11 |
+----+----+----+----+----+----+----+----+----+----+----+----+----+----+----+----+
|  3 | 16 | 12 |  2 |  5 |  1 | 11 | 13 |  7 |  4 | 15 | 10 |  9 |  6 |  8 | 14 |
+----+----+----+----+----+----+----+----+----+----+----+----+----+----+----+----+
|  5 | 11 | 14 | 10 |  9 |  6 |  7 | 15 |  1 |  8 |  2 | 13 |  3 |  4 | 16 | 12 |
+----+----+----+----+----+----+----+----+----+----+----+----+----+----+----+----+
|  1 |  2 | 16 |  5 |  4 |  7 |  6 |  9 |  8 | 15 |  3 | 11 | 12 | 14 | 13 | 10 |
+----+----+----+----+----+----+----+----+----+----+----+----+----+----+----+----+
|  9 | 14 | 13 | 12 | 10 |  5 | 16 |  3 |  6 |  2 |  4 |  7 |  8 | 11 | 15 |  1 |
+----+----+----+----+----+----+----+----+----+----+----+----+----+----+----+----+
| 10 |  8 |  4 |  7 | 15 | 11 | 13 |  1 | 14 |  9 | 16 | 12 |  5 |  2 |  6 |  3 |
+----+----+----+----+----+----+----+----+----+----+----+----+----+----+----+----+
| 15 |  6 |  3 | 11 |  2 | 14 |  8 | 12 |  5 | 13 | 10 |  1 |  4 | 16 |  9 |  7 |
+----+----+----+----+----+----+----+----+----+----+----+----+----+----+----+----+
| 12 |  9 |  7 | 16 |  1 |  8 | 15 |  4 |  2 |  5 | 14 |  6 | 11 |  3 | 10 | 13 |
+----+----+----+----+----+----+----+----+----+----+----+----+----+----+----+----+
|  2 |  5 | 10 | 14 |  3 | 13 |  9 | 16 |  4 |  1 | 11 |  8 | 15 |  7 | 12 |  6 |
+----+----+----+----+----+----+----+----+----+----+----+----+----+----+----+----+
| 11 | 13 |  1 |  8 | 12 | 10 | 14 |  6 |  3 | 16 |  7 | 15 |  2 |  9 |  5 |  4 |
+----+----+----+----+----+----+----+----+----+----+----+----+----+----+----+----+
|  4 |  3 |  6 | 15 | 11 |  2 |  5 |  7 | 10 | 12 | 13 |  9 |  1 |  8 | 14 | 16 |
+----+----+----+----+----+----+----+----+----+----+----+----+----+----+----+----+
| 16 | 12 |  2 |  9 |  7 | 15 |  3 | 14 | 11 |  6 |  1 |  5 | 10 | 13 |  4 |  8 |
+----+----+----+----+----+----+----+----+----+----+----+----+----+----+----+----+
|  7 | 10 |  5 |  4 | 13 | 16 |  1 | 11 | 15 | 14 |  8 |  2 |  6 | 12 |  3 |  9 |
+----+----+----+----+----+----+----+----+----+----+----+----+----+----+----+----+
| 13 | 15 |  8 |  3 |  6 |  9 | 10 |  2 | 16 |  7 | 12 |  4 | 14 |  1 | 11 |  5 |
+----+----+----+----+----+----+----+----+----+----+----+----+----+----+----+----+
| 14 |  1 | 11 |  6 |  8 |  4 | 12 |  5 | 13 | 10 |  9 |  3 | 16 | 15 |  7 |  2 |
+----+----+----+----+----+----+----+----+----+----+----+----+----+----+----+----+
